camera: x=0.6&y=-0.2&z=0.4


big1     
    "x": 0.5204537651463255,
    "y": -0.1600151201596386,
    "z": 0.06426603328304363
big4     
    "x": 0.6402706811714248,
    "y": -0.1589880978470545,
    "z": 0.06426603328304363

small1
    "x": 0.5214382966602472,
    "y": -0.2825911938633002,
    "z": 0.04211363842643853
small2
    "x": 0.6407749392122785,
    "y": -0.27844178982342943,
    "z": 0.037959021284770925